,mc5,5/8,5/4,7/4,9/4,9/8,7/8,6/4,12/4,mc12,12/8,6/8,3/4,mc9,mc8,4/4,2/2,mc7,mc6,2/4,mc4,mc3,mc2
mc5,0.0,8.846525447416168,9.751701647701985,23.292650640825517,23.396319374142724,23.95120936451877,23.965776224482774,24.60390859957022,24.723891915356436,25.099800796022265,25.237880918156065,25.4216180875216,25.48202146733009,25.92296279363144,26.324893162176366,26.67221793607858,26.67221793607858,26.832815729997478,27.49545416973504,27.621301226026034,29.698484809834994,31.74901573277509,35.4964786985977
5/8,8.846525447416168,0.0,2.8545807211371392,18.711955008037986,18.501639514241212,19.09428551306404,19.413508938780016,18.507081403861847,18.54269577821641,21.012316858738544,19.08960478791456,19.37134672493801,20.48600291309661,22.243939126410382,22.078346308540485,20.61266753713839,20.61266753713839,23.157362898785287,23.095222269284594,21.63806623888902,25.00522192589559,28.019408056301927,30.0146067648767
5/4,9.751701647701985,2.8545807211371392,0.0,17.29774172905198,17.38305332412552,18.09709192201779,18.161952629026118,17.824827723151614,17.73653773736894,19.324159691869433,18.361290809268578,18.817164304695858,19.738020719772177,20.91515051842962,20.5374556891494,20.0761211292932,20.0761211292932,21.985713376875875,22.087904136170966,21.202556572887715,23.80921883104286,27.548866067037522,30.17011742336955
7/4,23.292650640825517,18.711955008037986,17.29774172905198,0.0,16.99591057158241,17.866506495253958,2.4427129587190586,18.36675507637721,18.446272707354705,17.987699387537617,19.17067446996353,19.521514556398227,19.98406530747323,19.73567963405563,19.65309252030103,21.126536338935267,21.126536338935267,8.319980162087745,21.507212299549547,22.36938103046971,23.96464468079562,27.787107779719644,31.485119494790034
9/4,23.396319374142724,18.501639514241212,17.38305332412552,16.99591057158241,0.0,1.572153163643502,17.807710322550097,14.183782067845545,16.674972690884047,15.65181648387643,17.286250771000123,15.117066471485764,9.371251924922923,10.52997496911535,20.84143350233301,19.98187734320453,19.98187734320453,21.702337577119646,15.185274801765173,21.102920812886534,24.263759074330288,15.708281143665182,30.302856145887514
9/8,23.95120936451877,19.09428551306404,18.09709192201779,17.866506495253958,1.572153163643502,0.0,18.57845697408884,14.459428242478689,17.122445912498744,16.78386721069146,17.68040095805835,15.285289748233405,9.170976670922379,10.976287895672767,21.730312065442106,20.256166105877966,20.256166105877966,22.418257060837796,15.444209218650991,21.313596804954397,24.89056299524408,14.933256131143402,30.235863700870926
7/8,23.965776224482774,19.413508938780016,18.161952629026118,2.4427129587190586,17.807710322550097,18.57845697408884,0.0,18.814916826701467,18.98399306348789,19.31262812405109,19.650984729138486,19.875153855897736,20.495332605963448,20.75349094324468,20.830137223271425,21.46826011459733,21.46826011459733,7.569506446716221,22.24436172208018,22.639796644912682,24.832350911413993,28.10400319541597,31.33923614069389
6/4,24.60390859957022,18.507081403861847,17.824827723151614,18.36675507637721,14.183782067845545,14.459428242478689,18.814916826701467,0.0,6.746301393630056,15.65600948638201,7.015829783950621,1.855287940084312,11.318237560650331,21.169416084432868,19.189025898925898,10.353393821168684,10.353393821168684,23.53741705681455,12.917888763141859,11.228266461381969,18.452711477167362,22.20639799703207,18.757410620094124
12/4,24.723891915356436,18.54269577821641,17.73653773736894,18.446272707354705,16.674972690884047,17.122445912498744,18.98399306348789,6.746301393630056,0.0,16.90821829199694,1.0486824967566328,7.1315773073327335,15.466636498301206,22.70325975727764,17.17327007544309,5.160388578965741,5.160388578965741,23.75520897494223,18.27149803230125,6.3045080092247545,13.156076620070605,25.544050069011647,17.79284465202101
mc12,25.099800796022265,21.012316858738544,19.324159691869433,17.987699387537617,15.65181648387643,16.78386721069146,19.31262812405109,15.65600948638201,16.90821829199694,0.0,17.611488809111773,16.762614058487916,15.747319750278555,18.708286933869708,17.74823934929885,21.507275069144484,21.507275069144484,22.58317958127243,14.491376746189438,22.73540613010013,20.493901531919196,25.099800796022265,32.4037034920393
12/8,25.237880918156065,19.08960478791456,18.361290809268578,19.17067446996353,17.286250771000123,17.68040095805835,19.650984729138486,7.015829783950621,1.0486824967566328,17.611488809111773,0.0,7.201800772677564,15.81787560594014,23.38587582348263,17.74411824156036,4.687107787650878,4.687107787650878,24.379601630577053,18.73008404478359,5.630034663905703,13.16566875692523,25.785575437242628,17.172555090635655
6/8,25.4216180875216,19.37134672493801,18.817164304695858,19.521514556398227,15.117066471485764,15.285289748233405,19.875153855897736,1.855287940084312,7.1315773073327335,16.762614058487916,7.201800772677564,0.0,11.685041766761138,22.228117927933784,20.529163627878088,10.310541562590961,10.310541562590961,24.53354493949243,13.457851417599567,11.00365162810339,18.759208097533556,22.367324822310767,17.79694046739368
3/4,25.48202146733009,20.48600291309661,19.738020719772177,19.98406530747323,9.371251924922923,9.170976670922379,20.495332605963448,11.318237560650331,15.466636498301206,15.747319750278555,15.81787560594014,11.685041766761138,0.0,18.863602306564708,22.752572286845634,18.88114988408391,18.88114988408391,24.38566103542461,11.543337910270731,19.71931874015798,24.028753859048933,12.31057745622331,28.17961344738517
mc9,25.92296279363144,22.243939126410382,20.91515051842962,19.73567963405563,10.52997496911535,10.976287895672767,20.75349094324468,21.169416084432868,22.70325975727764,18.708286933869708,23.38587582348263,22.228117927933784,18.863602306564708,0.0,22.9128784747792,25.76577184739933,25.76577184739933,23.664319132398465,20.493901531919196,26.95105796038624,27.748873851023216,23.664319132398465,35.4964786985977
mc8,26.324893162176366,22.078346308540485,20.5374556891494,19.65309252030103,20.84143350233301,21.730312065442106,20.830137223271425,19.189025898925898,17.17327007544309,17.74823934929885,17.74411824156036,20.529163627878088,22.752572286845634,22.9128784747792,0.0,18.064670108169057,18.064670108169057,24.186773244895647,22.9128784747792,19.12167827076478,17.74823934929885,30.740852297878796,30.740852297878796
4/4,26.67221793607858,20.61266753713839,20.0761211292932,21.126536338935267,19.98187734320453,20.256166105877966,21.46826011459733,10.353393821168684,5.160388578965741,21.507275069144484,4.687107787650878,10.310541562590961,18.88114988408391,25.76577184739933,18.064670108169057,0.0,0.0,26.093117645105576,21.97276672180963,1.8435488673206095,13.370458921018807,27.97687483862031,15.475398582663823
2/2,26.67221793607858,20.61266753713839,20.0761211292932,21.126536338935267,19.98187734320453,20.256166105877966,21.46826011459733,10.353393821168684,5.160388578965741,21.507275069144484,4.687107787650878,10.310541562590961,18.88114988408391,25.76577184739933,18.064670108169057,0.0,0.0,26.093117645105576,21.97276672180963,1.8435488673206095,13.370458921018807,27.97687483862031,15.475398582663823
mc7,26.832815729997478,23.157362898785287,21.985713376875875,8.319980162087745,21.702337577119646,22.418257060837796,7.569506446716221,23.53741705681455,23.75520897494223,22.58317958127243,24.379601630577053,24.53354493949243,24.38566103542461,23.664319132398465,24.186773244895647,26.093117645105576,26.093117645105576,0.0,25.69046515733026,27.192327087081047,28.460498941515414,30.983866769659336,35.4964786985977
mc6,27.49545416973504,23.095222269284594,22.087904136170966,21.507212299549547,15.185274801765173,15.444209218650991,22.24436172208018,12.917888763141859,18.27149803230125,14.491376746189438,18.73008404478359,13.457851417599567,11.543337910270731,20.493901531919196,22.9128784747792,21.97276672180963,21.97276672180963,25.69046515733026,0.0,22.920623619492535,25.099800796022265,20.493901531919196,28.982753492378876
2/4,27.621301226026034,21.63806623888902,21.202556572887715,22.36938103046971,21.102920812886534,21.313596804954397,22.639796644912682,11.228266461381969,6.3045080092247545,22.73540613010013,5.630034663905703,11.00365162810339,19.71931874015798,26.95105796038624,19.12167827076478,1.8435488673206095,1.8435488673206095,27.192327087081047,22.920623619492535,0.0,13.762954476438104,28.59722741405223,14.655640604833392
mc4,29.698484809834994,25.00522192589559,23.80921883104286,23.96464468079562,24.263759074330288,24.89056299524408,24.832350911413993,18.452711477167362,13.156076620070605,20.493901531919196,13.16566875692523,18.759208097533556,24.028753859048933,27.748873851023216,17.74823934929885,13.370458921018807,13.370458921018807,28.460498941515414,25.099800796022265,13.762954476438104,0.0,32.4037034920393,25.099800796022265
mc3,31.74901573277509,28.019408056301927,27.548866067037522,27.787107779719644,15.708281143665182,14.933256131143402,28.10400319541597,22.20639799703207,25.544050069011647,25.099800796022265,25.785575437242628,22.367324822310767,12.31057745622331,23.664319132398465,30.740852297878796,27.97687483862031,27.97687483862031,30.983866769659336,20.493901531919196,28.59722741405223,32.4037034920393,0.0,35.4964786985977
mc2,35.4964786985977,30.0146067648767,30.17011742336955,31.485119494790034,30.302856145887514,30.235863700870926,31.33923614069389,18.757410620094124,17.79284465202101,32.4037034920393,17.172555090635655,17.79694046739368,28.17961344738517,35.4964786985977,30.740852297878796,15.475398582663823,15.475398582663823,35.4964786985977,28.982753492378876,14.655640604833392,25.099800796022265,35.4964786985977,0.0
