,3/4,9/8,9/4,6/4,mc6,6/8,mc3,12/4,mc12,12/8,mc9,4/4,2/2,2/4,5/4,7/4,5/8,7/8,mc8,mc4,mc7,mc5,mc2
3/4,0.0,9.170976670922379,9.371251924922923,11.318237560650331,11.543337910270731,11.685041766761138,12.31057745622331,15.466636498301206,15.747319750278555,15.81787560594014,18.863602306564708,18.88114988408391,18.88114988408391,19.71931874015798,19.738020719772177,19.98406530747323,20.48600291309661,20.495332605963448,22.752572286845634,24.028753859048933,24.38566103542461,25.48202146733009,28.17961344738517
9/8,9.170976670922379,0.0,1.572153163643502,14.459428242478689,15.444209218650991,15.285289748233405,14.933256131143402,17.122445912498744,16.78386721069146,17.68040095805835,10.976287895672767,20.256166105877966,20.256166105877966,21.313596804954397,18.09709192201779,17.866506495253958,19.09428551306404,18.57845697408884,21.730312065442106,24.89056299524408,22.418257060837796,23.95120936451877,30.235863700870926
9/4,9.371251924922923,1.572153163643502,0.0,14.183782067845545,15.185274801765173,15.117066471485764,15.708281143665182,16.674972690884047,15.65181648387643,17.286250771000123,10.52997496911535,19.98187734320453,19.98187734320453,21.102920812886534,17.38305332412552,16.99591057158241,18.501639514241212,17.807710322550097,20.84143350233301,24.263759074330288,21.702337577119646,23.396319374142724,30.302856145887514
6/4,11.318237560650331,14.459428242478689,14.183782067845545,0.0,12.917888763141859,1.855287940084312,22.20639799703207,6.746301393630056,15.65600948638201,7.015829783950621,21.169416084432868,10.353393821168684,10.353393821168684,11.228266461381969,17.824827723151614,18.36675507637721,18.507081403861847,18.814916826701467,19.189025898925898,18.452711477167362,23.53741705681455,24.60390859957022,18.757410620094124
mc6,11.543337910270731,15.444209218650991,15.185274801765173,12.917888763141859,0.0,13.457851417599567,20.493901531919196,18.27149803230125,14.491376746189438,18.73008404478359,20.493901531919196,21.97276672180963,21.97276672180963,22.920623619492535,22.087904136170966,21.507212299549547,23.095222269284594,22.24436172208018,22.9128784747792,25.099800796022265,25.69046515733026,27.49545416973504,28.982753492378876
6/8,11.685041766761138,15.285289748233405,15.117066471485764,1.855287940084312,13.457851417599567,0.0,22.367324822310767,7.1315773073327335,16.762614058487916,7.201800772677564,22.228117927933784,10.310541562590961,10.310541562590961,11.00365162810339,18.817164304695858,19.521514556398227,19.37134672493801,19.875153855897736,20.529163627878088,18.759208097533556,24.53354493949243,25.4216180875216,17.79694046739368
mc3,12.31057745622331,14.933256131143402,15.708281143665182,22.20639799703207,20.493901531919196,22.367324822310767,0.0,25.544050069011647,25.099800796022265,25.785575437242628,23.664319132398465,27.97687483862031,27.97687483862031,28.59722741405223,27.548866067037522,27.787107779719644,28.019408056301927,28.10400319541597,30.740852297878796,32.4037034920393,30.983866769659336,31.74901573277509,35.4964786985977
12/4,15.466636498301206,17.122445912498744,16.674972690884047,6.746301393630056,18.27149803230125,7.1315773073327335,25.544050069011647,0.0,16.90821829199694,1.0486824967566328,22.70325975727764,5.160388578965741,5.160388578965741,6.3045080092247545,17.73653773736894,18.446272707354705,18.54269577821641,18.98399306348789,17.17327007544309,13.156076620070605,23.75520897494223,24.723891915356436,17.79284465202101
mc12,15.747319750278555,16.78386721069146,15.65181648387643,15.65600948638201,14.491376746189438,16.762614058487916,25.099800796022265,16.90821829199694,0.0,17.611488809111773,18.708286933869708,21.507275069144484,21.507275069144484,22.73540613010013,19.324159691869433,17.987699387537617,21.012316858738544,19.31262812405109,17.74823934929885,20.493901531919196,22.58317958127243,25.099800796022265,32.4037034920393
12/8,15.81787560594014,17.68040095805835,17.286250771000123,7.015829783950621,18.73008404478359,7.201800772677564,25.785575437242628,1.0486824967566328,17.611488809111773,0.0,23.38587582348263,4.687107787650878,4.687107787650878,5.630034663905703,18.361290809268578,19.17067446996353,19.08960478791456,19.650984729138486,17.74411824156036,13.16566875692523,24.379601630577053,25.237880918156065,17.172555090635655
mc9,18.863602306564708,10.976287895672767,10.52997496911535,21.169416084432868,20.493901531919196,22.228117927933784,23.664319132398465,22.70325975727764,18.708286933869708,23.38587582348263,0.0,25.76577184739933,25.76577184739933,26.95105796038624,20.91515051842962,19.73567963405563,22.243939126410382,20.75349094324468,22.9128784747792,27.748873851023216,23.664319132398465,25.92296279363144,35.4964786985977
4/4,18.88114988408391,20.256166105877966,19.98187734320453,10.353393821168684,21.97276672180963,10.310541562590961,27.97687483862031,5.160388578965741,21.507275069144484,4.687107787650878,25.76577184739933,0.0,0.0,1.8435488673206095,20.0761211292932,21.126536338935267,20.61266753713839,21.46826011459733,18.064670108169057,13.370458921018807,26.093117645105576,26.67221793607858,15.475398582663823
2/2,18.88114988408391,20.256166105877966,19.98187734320453,10.353393821168684,21.97276672180963,10.310541562590961,27.97687483862031,5.160388578965741,21.507275069144484,4.687107787650878,25.76577184739933,0.0,0.0,1.8435488673206095,20.0761211292932,21.126536338935267,20.61266753713839,21.46826011459733,18.064670108169057,13.370458921018807,26.093117645105576,26.67221793607858,15.475398582663823
2/4,19.71931874015798,21.313596804954397,21.102920812886534,11.228266461381969,22.920623619492535,11.00365162810339,28.59722741405223,6.3045080092247545,22.73540613010013,5.630034663905703,26.95105796038624,1.8435488673206095,1.8435488673206095,0.0,21.202556572887715,22.36938103046971,21.63806623888902,22.639796644912682,19.12167827076478,13.762954476438104,27.192327087081047,27.621301226026034,14.655640604833392
5/4,19.738020719772177,18.09709192201779,17.38305332412552,17.824827723151614,22.087904136170966,18.817164304695858,27.548866067037522,17.73653773736894,19.324159691869433,18.361290809268578,20.91515051842962,20.0761211292932,20.0761211292932,21.202556572887715,0.0,17.29774172905198,2.8545807211371392,18.161952629026118,20.5374556891494,23.80921883104286,21.985713376875875,9.751701647701985,30.17011742336955
7/4,19.98406530747323,17.866506495253958,16.99591057158241,18.36675507637721,21.507212299549547,19.521514556398227,27.787107779719644,18.446272707354705,17.987699387537617,19.17067446996353,19.73567963405563,21.126536338935267,21.126536338935267,22.36938103046971,17.29774172905198,0.0,18.711955008037986,2.4427129587190586,19.65309252030103,23.96464468079562,8.319980162087745,23.292650640825517,31.485119494790034
5/8,20.48600291309661,19.09428551306404,18.501639514241212,18.507081403861847,23.095222269284594,19.37134672493801,28.019408056301927,18.54269577821641,21.012316858738544,19.08960478791456,22.243939126410382,20.61266753713839,20.61266753713839,21.63806623888902,2.8545807211371392,18.711955008037986,0.0,19.413508938780016,22.078346308540485,25.00522192589559,23.157362898785287,8.846525447416168,30.0146067648767
7/8,20.495332605963448,18.57845697408884,17.807710322550097,18.814916826701467,22.24436172208018,19.875153855897736,28.10400319541597,18.98399306348789,19.31262812405109,19.650984729138486,20.75349094324468,21.46826011459733,21.46826011459733,22.639796644912682,18.161952629026118,2.4427129587190586,19.413508938780016,0.0,20.830137223271425,24.832350911413993,7.569506446716221,23.965776224482774,31.33923614069389
mc8,22.752572286845634,21.730312065442106,20.84143350233301,19.189025898925898,22.9128784747792,20.529163627878088,30.740852297878796,17.17327007544309,17.74823934929885,17.74411824156036,22.9128784747792,18.064670108169057,18.064670108169057,19.12167827076478,20.5374556891494,19.65309252030103,22.078346308540485,20.830137223271425,0.0,17.74823934929885,24.186773244895647,26.324893162176366,30.740852297878796
mc4,24.028753859048933,24.89056299524408,24.263759074330288,18.452711477167362,25.099800796022265,18.759208097533556,32.4037034920393,13.156076620070605,20.493901531919196,13.16566875692523,27.748873851023216,13.370458921018807,13.370458921018807,13.762954476438104,23.80921883104286,23.96464468079562,25.00522192589559,24.832350911413993,17.74823934929885,0.0,28.460498941515414,29.698484809834994,25.099800796022265
mc7,24.38566103542461,22.418257060837796,21.702337577119646,23.53741705681455,25.69046515733026,24.53354493949243,30.983866769659336,23.75520897494223,22.58317958127243,24.379601630577053,23.664319132398465,26.093117645105576,26.093117645105576,27.192327087081047,21.985713376875875,8.319980162087745,23.157362898785287,7.569506446716221,24.186773244895647,28.460498941515414,0.0,26.832815729997478,35.4964786985977
mc5,25.48202146733009,23.95120936451877,23.396319374142724,24.60390859957022,27.49545416973504,25.4216180875216,31.74901573277509,24.723891915356436,25.099800796022265,25.237880918156065,25.92296279363144,26.67221793607858,26.67221793607858,27.621301226026034,9.751701647701985,23.292650640825517,8.846525447416168,23.965776224482774,26.324893162176366,29.698484809834994,26.832815729997478,0.0,35.4964786985977
mc2,28.17961344738517,30.235863700870926,30.302856145887514,18.757410620094124,28.982753492378876,17.79694046739368,35.4964786985977,17.79284465202101,32.4037034920393,17.172555090635655,35.4964786985977,15.475398582663823,15.475398582663823,14.655640604833392,30.17011742336955,31.485119494790034,30.0146067648767,31.33923614069389,30.740852297878796,25.099800796022265,35.4964786985977,35.4964786985977,0.0
